498396 745111
1995626 3005077
4495172 6722934
7994505 11991930
12491592 18777469
17992287 26877149
24491370 36763204
31985877 47758617
40488967 60710575
49985181 75036066
312459205 467553405
1249896206 1870604830
999 0
1999 0
2999 0
3999 0
4999 0
5999 0
6999 0
7999 0
8999 0
9999 0
24999 0
49999 0
499500 1498500
1999000 5997000
4498500 13495500
7998000 23994000
12497500 37492500
17997000 53991000
24496500 73489500
31996000 95988000
40495500 121486500
49995000 149985000
312487500 937462500
1249975000 3749925000
